generation hits
0 5197.916666666667
1 5224.916666666666
2 5244.75
3 5251.916666666666
4 5256.833333333334
5 5263.0
6 5266.0
7 5267.0
8 5268.916666666666
9 5268.916666666666
10 5269.0
11 5270.833333333334
12 5271.833333333334
13 5272.916666666666
14 5274.833333333334
15 5272.916666666666
16 5272.916666666666
17 5272.916666666666
18 5274.0
19 5274.0
20 5274.0
21 5275.0
22 5275.0
23 5275.0
24 5275.0
25 5275.0
26 5275.0
27 5275.0
28 5277.916666666667
29 5277.916666666667
30 5277.916666666667
31 5277.916666666667
32 5277.916666666667
33 5277.916666666667
34 5277.916666666667
35 5277.916666666667
36 5277.916666666667
37 5277.916666666667
38 5277.916666666667
39 5277.916666666667
40 5277.916666666667
41 5277.916666666667
42 5277.916666666667
43 5277.916666666667
44 5277.916666666667
45 5277.916666666667
46 5277.916666666667
47 5277.916666666667
48 5277.916666666667
49 5278.0
50 5278.0
51 5278.0
52 5278.0
53 5278.0
54 5280.0
55 5280.0
56 5280.0
57 5280.0
58 5280.0
59 5280.0
60 5280.0
61 5280.0
62 5280.0
63 5280.0
64 5280.0
65 5280.0
66 5281.833333333333
67 5281.833333333333
68 5281.833333333333
69 5281.833333333333
70 5281.833333333333
71 5281.833333333333
72 5281.833333333333
73 5283.916666666667
74 5283.916666666667
75 5283.916666666667
76 5283.916666666667
77 5283.916666666667
78 5283.916666666667
79 5283.916666666667
80 5283.916666666667
81 5283.916666666667
82 5283.916666666667
83 5283.916666666667
84 5283.916666666667
85 5283.916666666667
86 5283.916666666667
87 5283.916666666667
88 5283.916666666667
89 5283.916666666667
90 5283.916666666667
91 5283.916666666667
92 5283.916666666667
93 5283.916666666667
94 5283.916666666667
95 5285.833333333333
96 5285.833333333333
97 5285.833333333333
98 5285.833333333333
99 5285.833333333333
100 5285.833333333333
101 5285.833333333333
102 5285.833333333333
103 5285.833333333333
104 5285.833333333333
105 5285.833333333333
106 5285.833333333333
107 5285.833333333333
108 5285.833333333333
109 5285.833333333333
110 5285.833333333333
111 5285.833333333333
112 5285.833333333333
113 5285.833333333333
114 5285.833333333333
115 5285.833333333333
116 5285.833333333333
117 5285.833333333333
118 5285.833333333333
119 5287.0
120 5287.0
121 5287.0
122 5287.0
123 5287.0
124 5287.0
125 5287.0
126 5287.0
127 5287.0
128 5287.0
129 5287.0
130 5287.0
131 5287.0
132 5287.0
133 5287.0
134 5287.0
135 5287.0
136 5287.0
137 5287.0
138 5287.0
139 5287.0
140 5287.0
141 5287.0
142 5287.0
143 5287.0
144 5287.0
145 5287.0
146 5287.0
147 5287.0
148 5287.0
149 5287.0
150 5287.0
151 5287.0
152 5287.0
153 5287.0
154 5287.0
155 5287.0
156 5287.0
157 5287.0
158 5287.0
159 5287.0
160 5287.0
161 5287.0
162 5287.0
163 5287.0
164 5287.0
165 5287.0
166 5287.0
167 5287.0
168 5287.0
169 5287.0
170 5287.0
171 5287.0
172 5287.0
173 5287.0
174 5287.0
175 5287.0
176 5287.0
177 5287.0
178 5287.0
179 5287.0
180 5287.0
181 5287.0
182 5287.0
183 5287.0
184 5287.0
185 5287.0
186 5287.0
187 5287.0
188 5287.0
189 5287.0
190 5287.0
191 5287.0
192 5287.0
193 5287.0
194 5287.0
195 5287.0
196 5287.0
197 5287.0
198 5287.0
199 5287.0
200 5287.0
201 5287.0
202 5287.0
203 5287.0
204 5287.0
205 5287.0
206 5287.0
207 5287.0
208 5287.0
209 5287.0
210 5287.0
211 5287.0
212 5287.0
213 5287.0
214 5287.0
215 5287.0
216 5287.0
217 5287.0
218 5287.0
219 5287.0
220 5287.0
221 5287.0
222 5287.0
223 5287.0
224 5287.0
225 5287.0
226 5287.0
227 5287.916666666666
228 5287.916666666666
229 5287.916666666666
230 5287.916666666666
231 5287.916666666666
232 5287.916666666666
233 5287.916666666666
234 5287.916666666666
235 5287.916666666666
236 5287.916666666666
237 5287.916666666666
238 5287.916666666666
239 5287.916666666666
240 5287.916666666666
241 5287.916666666666
242 5287.916666666666
243 5287.916666666666
244 5287.916666666666
245 5287.916666666666
246 5287.916666666666
247 5287.916666666666
248 5287.916666666666
249 5287.916666666666
250 5287.916666666666
251 5287.916666666666
252 5287.916666666666
253 5287.916666666666
254 5287.916666666666
255 5287.916666666666
256 5287.916666666666
257 5287.916666666666
258 5287.916666666666
259 5287.916666666666
260 5287.916666666666
261 5287.916666666666
262 5287.916666666666
263 5287.916666666666
264 5287.916666666666
265 5287.916666666666
266 5287.916666666666
267 5287.916666666666
268 5287.916666666666
269 5287.916666666666
270 5287.916666666666
271 5287.916666666666
272 5287.916666666666
273 5287.916666666666
274 5287.916666666666
275 5287.916666666666
276 5287.916666666666
277 5287.916666666666
278 5287.916666666666
279 5287.916666666666
280 5287.916666666666
281 5287.916666666666
282 5287.916666666666
283 5287.916666666666
284 5287.916666666666
285 5287.916666666666
286 5287.916666666666
287 5287.916666666666
288 5287.916666666666
289 5287.916666666666
290 5287.916666666666
291 5287.916666666666
292 5287.916666666666
293 5287.916666666666
294 5287.916666666666
295 5287.916666666666
296 5287.916666666666
297 5287.916666666666
298 5287.916666666666
299 5287.916666666666
300 5287.916666666666
301 5287.916666666666
302 5287.916666666666
303 5287.916666666666
304 5287.916666666666
305 5287.916666666666
306 5287.916666666666
307 5287.916666666666
308 5287.916666666666
309 5287.916666666666
310 5287.916666666666
311 5287.916666666666
312 5287.916666666666
313 5287.916666666666
314 5287.916666666666
315 5287.916666666666
316 5287.916666666666
317 5287.916666666666
318 5287.916666666666
319 5287.916666666666
320 5287.916666666666
321 5287.916666666666
322 5287.916666666666
323 5287.916666666666
324 5287.916666666666
325 5287.916666666666
326 5287.916666666666
327 5287.916666666666
328 5287.916666666666
329 5287.916666666666
330 5287.916666666666
331 5287.916666666666
332 5287.916666666666
333 5287.916666666666
334 5287.916666666666
335 5287.916666666666
336 5287.916666666666
337 5287.916666666666
338 5287.916666666666
339 5287.916666666666
340 5287.916666666666
341 5287.916666666666
342 5287.916666666666
343 5287.916666666666
344 5287.916666666666
345 5287.916666666666
346 5287.916666666666
347 5287.916666666666
348 5287.916666666666
349 5287.916666666666
350 5287.916666666666
351 5287.916666666666
352 5287.916666666666
353 5287.916666666666
354 5288.916666666666
355 5288.916666666666
356 5288.916666666666
357 5288.916666666666
358 5288.916666666666
359 5288.916666666666
360 5288.916666666666
361 5288.916666666666
362 5288.916666666666
363 5288.916666666666
364 5288.916666666666
365 5288.916666666666
366 5288.916666666666
367 5288.916666666666
368 5288.916666666666
369 5288.916666666666
370 5288.916666666666
371 5288.916666666666
372 5288.916666666666
373 5288.916666666666
374 5288.916666666666
375 5288.916666666666
376 5288.916666666666
377 5288.916666666666
378 5288.916666666666
379 5288.916666666666
380 5288.916666666666
381 5288.916666666666
382 5288.916666666666
383 5288.916666666666
384 5288.916666666666
385 5288.916666666666
386 5288.916666666666
387 5288.916666666666
388 5288.916666666666
389 5288.916666666666
