%% LaTeX2e file `ElitistRandomRun.dat'
%% generated by the `filecontents' environment
%% from source `2016-ExcelFIT-DSNCHFMarekKidon' on 2016/04/21.
%%
 generation fitness
 0 5219
 1 5227
 2 5241
 3 5249
 4 5252
 5 5258
 6 5259
 7 5262
 8 5262
 9 5262
 10 5287
 11 5289
 12 5289
 13 5289
 14 5292
 15 5292
 16 5292
 17 5292
 18 5293
 19 5293
 20 5293
 21 5293
 22 5293
 23 5293
 24 5293
 25 5293
 26 5293
 27 5293
 28 5294
 29 5294
 30 5294
 31 5294
 32 5295
 33 5295
 34 5295
 35 5295
 36 5295
 37 5295
 38 5295
 39 5295
 40 5295
 41 5295
 42 5295
 43 5295
 44 5295
 45 5295
 46 5295
 47 5295
 48 5295
 49 5295
 50 5295
 51 5295
 52 5295
 53 5295
 54 5295
 55 5295
 56 5295
 57 5295
 58 5295
 59 5295
 60 5295
 61 5295
 62 5295
 63 5295
 64 5295
 65 5295
 66 5295
 67 5295
 68 5296
 69 5296
 70 5296
 71 5296
 72 5296
 73 5296
 74 5296
 75 5296
 76 5301
 77 5301
 78 5301
 79 5301
 80 5301
 81 5301
 82 5301
 83 5301
 84 5301
 85 5301
 86 5301
 87 5301
 88 5301
 89 5301
 90 5301
 91 5301
 92 5301
 93 5301
 94 5301
 95 5301
 96 5301
 97 5301
 98 5301
 99 5301
 100 5301
 101 5301
 102 5302
 103 5302
 104 5302
 105 5302
 106 5302
 107 5302
 108 5302
 109 5302
 110 5302
 111 5302
 112 5302
 113 5302
 114 5302
 115 5302
 116 5302
 117 5302
 118 5302
 119 5302
 120 5302
 121 5302
 122 5302
 123 5302
 124 5303
 125 5303
 126 5303
 127 5303
 128 5303
 129 5303
 130 5303
 131 5303
 132 5303
 133 5303
 134 5303
 135 5303
 136 5303
 137 5303
 138 5303
 139 5303
 140 5303
 141 5303
 142 5303
 143 5303
 144 5303
 145 5303
 146 5303
 147 5303
 148 5303
 149 5303
 150 5303
 151 5303
 152 5303
 153 5303
 154 5303
 155 5303
 156 5303
 157 5303
 158 5303
 159 5303
 160 5303
 161 5303
 162 5303
 163 5303
 164 5303
 165 5303
 166 5303
 167 5303
 168 5303
 169 5303
 170 5303
 171 5303
 172 5303
 173 5303
 174 5303
 175 5303
 176 5303
 177 5303
 178 5303
 179 5303
 180 5304
 181 5304
 182 5304
 183 5304
 184 5304
 185 5304
 186 5304
 187 5304
 188 5304
 189 5304
 190 5304
 191 5304
 192 5304
 193 5304
 194 5304
